1000
48 38 28
86 67 92
28 11 21
99 97 98
27 23 13
95 22 15
73 81 29
37 24 17
88 40 84
11 32 65
95 95 17
21 80 63
18 61 15
17 89 70
55 94 27
92 67 54
16 74 2
65 77 76
98 29 77
98 39 27
38 4 40
13 82 4
98 80 87
31 9 97
20 60 75
85 55 91
97 76 47
29 11 42
95 33 26
35 8 16
63 5 13
94 13 95
17 2 33
30 83 16
14 72 37
29 90 66
80 22 42
88 45 37
75 30 25
83 62 4
31 83 25
56 84 29
79 70 92
39 68 89
82 94 57
16 5 23
5 19 45
89 8 11
72 40 83
93 5 46
73 67 79
21 52 78
85 71 33
41 88 72
12 83 57
3 82 67
87 66 72
12 85 59
50 22 86
47 74 14
7 52 70
50 22 62
50 42 68
17 81 100
7 25 48
14 78 60
75 53 41
39 62 18
55 47 53
65 18 82
72 68 30
58 85 42
4 99 34
57 26 71
16 93 89
86 98 75
20 46 39
66 96 69
96 100 18
51 36 99
39 42 75
97 40 45
57 71 100
40 87 59
0 42 24
31 90 6
29 36 86
67 43 16
15 12 1
40 58 61
10 5 43
73 93 3
56 91 37
44 88 41
45 54 78
68 94 26
98 96 13
100 60 84
13 46 10
75 2 67
67 77 35
54 99 95
89 48 39
69 62 92
49 11 58
92 10 71
16 66 96
33 29 79
30 9 85
65 89 98
22 14 70
79 13 6
13 66 1
39 62 100
91 41 56
48 59 23
100 91 95
82 32 14
79 69 11
19 41 36
80 46 30
7 84 93
13 64 55
31 15 100
20 39 43
91 5 25
17 31 57
100 54 94
18 89 10
48 86 21
8 47 90
55 58 79
32 14 83
77 23 24
52 71 59
41 87 80
79 88 11
55 98 32
96 2 72
58 86 97
87 93 35
24 8 15
92 4 28
78 53 78
23 36 86
75 23 60
37 65 24
45 94 28
32 98 7
34 67 6
22 84 76
86 23 47
91 25 16
17 46 54
4 57 29
56 87 92
37 13 100
7 55 65
14 60 30
85 86 56
14 84 31
57 58 89
73 9 85
37 92 57
76 58 19
47 27 41
91 48 60
89 21 73
71 81 41
55 12 25
86 14 22
65 19 26
33 20 79
91 54 60
1 69 27
50 96 59
16 15 64
26 91 40
53 66 72
21 84 62
87 63 16
56 44 57
28 37 95
100 63 3
11 45 47
64 81 11
60 5 38
78 23 25
46 18 82
37 59 59
57 92 78
79 20 6
8 3 76
48 62 3
87 37 36
10 33 33
38 36 53
13 55 55
95 85 18
75 97 39
62 46 8
75 37 68
74 76 22
52 60 75
48 77 79
77 76 20
61 55 7
38 18 100
88 7 40
34 59 57
84 79 48
55 36 81
83 83 38
79 100 64
60 87 90
15 90 92
70 16 5
12 71 89
61 11 97
57 75 18
17 78 67
70 57 74
18 22 25
57 75 37
0 39 48
14 59 83
92 55 47
60 98 27
3 31 48
51 82 15
2 20 12
17 73 94
97 81 53
98 55 70
90 77 46
45 12 15
49 60 88
53 97 9
60 86 100
65 42 19
20 56 69
52 79 95
10 37 85
72 69 8
99 77 4
13 99 9
94 53 82
98 41 60
47 88 38
57 10 21
27 86 68
38 8 35
43 86 20
70 44 46
20 41 6
91 83 54
85 73 70
0 55 55
55 83 24
47 85 3
23 89 93
78 84 95
58 12 24
52 90 42
11 5 82
33 18 17
56 83 72
66 98 21
55 32 37
15 74 4
71 28 4
19 53 6
34 98 65
38 2 57
73 100 14
11 30 40
87 15 84
97 70 4
78 13 34
50 45 96
25 54 15
22 15 99
48 19 14
5 85 97
0 20 21
6 56 93
44 33 42
47 8 15
1 23 28
20 60 5
22 64 65
67 68 52
65 88 97
49 42 78
42 91 58
67 12 75
0 27 62
95 88 7
75 56 53
19 38 41
93 6 84
94 29 61
75 69 6
16 79 40
64 82 82
99 60 89
35 55 45
74 3 72
55 3 20
43 9 84
38 55 3
62 24 38
68 63 40
41 12 92
26 7 46
19 7 99
72 96 80
94 6 97
59 72 79
5 20 37
57 28 81
57 61 15
12 59 63
16 66 92
0 89 69
45 70 62
8 44 91
24 57 38
41 85 26
43 82 18
0 30 70
76 45 72
16 97 9
86 7 52
94 30 1
41 48 10
91 2 12
64 70 73
92 3 36
100 31 47
100 1 1
60 81 83
91 96 80
40 79 88
32 46 61
35 72 76
13 15 91
100 18 7
37 17 62
89 99 82
2 67 55
96 46 9
69 77 100
37 2 41
72 45 65
10 36 76
100 84 31
95 82 27
67 60 11
34 74 94
56 35 42
88 64 68
87 20 40
61 9 64
41 97 37
74 86 67
91 63 31
0 54 4
14 30 25
34 9 32
3 89 85
69 25 52
75 12 4
16 58 42
33 61 4
51 32 31
19 32 69
11 78 3
39 62 19
17 24 45
74 24 4
30 57 67
22 28 37
74 32 14
4 25 17
51 16 84
32 71 93
93 24 72
23 79 47
16 39 79
53 77 48
16 12 2
90 16 86
21 81 30
80 33 25
8 92 17
17 52 13
55 94 47
10 34 81
12 55 55
98 100 65
34 78 21
66 89 30
46 26 68
18 66 28
94 73 33
62 87 92
84 69 3
43 99 74
75 31 59
17 53 33
71 28 11
43 97 35
74 83 52
84 90 1
82 98 10
5 74 9
16 86 46
55 84 13
81 53 85
97 69 86
93 81 97
36 60 91
31 11 66
8 7 32
51 57 31
22 88 73
60 52 78
43 48 99
45 39 5
81 58 33
5 100 52
13 9 61
61 34 14
93 54 6
38 4 1
44 5 97
98 13 29
100 68 14
30 25 5
100 90 10
51 65 58
77 65 16
12 25 45
60 57 42
60 29 94
3 19 75
61 85 22
23 5 33
81 38 43
4 47 5
89 86 90
45 39 23
4 95 82
69 91 72
79 67 41
21 28 21
38 68 94
11 83 30
38 42 11
3 38 18
48 46 58
33 70 76
64 76 28
21 89 97
93 92 92
21 61 42
34 54 33
19 8 1
69 11 77
100 87 47
80 15 95
91 86 32
19 87 86
50 22 39
36 98 30
72 53 57
80 53 38
4 99 54
100 35 40
39 43 22
28 43 83
66 30 100
10 86 69
82 89 7
28 62 38
8 34 45
1 13 64
7 55 85
38 13 28
1 97 39
4 1 83
54 84 77
9 72 95
19 80 12
94 20 21
31 9 91
8 61 3
71 52 15
2 96 76
70 25 2
45 38 11
21 57 20
77 83 32
59 98 12
11 92 53
83 25 47
91 10 23
34 5 87
81 79 13
24 81 77
90 69 64
53 28 74
99 13 4
20 2 14
83 21 71
39 81 80
51 9 46
78 3 72
90 98 72
45 19 56
33 69 55
73 29 39
61 88 67
41 97 68
44 31 91
35 68 35
61 29 41
77 61 9
47 66 68
23 68 11
51 61 95
49 35 2
75 55 81
42 73 40
80 66 44
5 47 9
44 68 69
54 28 35
70 42 40
42 12 84
95 53 33
4 62 87
73 32 97
70 88 73
38 87 35
57 59 38
75 93 5
55 80 45
84 40 70
8 64 34
6 74 32
67 95 83
4 78 15
44 60 67
14 36 81
36 69 53
2 86 38
46 25 23
32 27 27
84 58 8
1 45 6
83 41 63
24 57 9
36 32 85
60 34 72
94 54 91
95 23 15
44 27 57
81 8 37
40 9 35
23 7 57
42 35 78
86 41 9
74 86 76
13 62 69
48 48 69
84 93 54
38 91 22
76 77 73
8 59 6
45 4 63
16 58 27
83 98 82
91 47 20
11 10 80
42 67 14
14 65 87
53 85 73
36 86 34
20 46 63
13 45 52
20 73 91
9 77 77
2 47 93
84 79 64
0 10 42
77 97 48
63 18 95
11 99 88
98 57 37
29 35 24
51 46 69
43 44 59
92 40 17
33 55 85
48 39 20
5 4 81
1 87 21
68 31 60
53 48 15
23 3 100
46 71 15
18 18 95
16 54 82
32 96 39
52 44 12
43 47 33
96 23 25
51 66 33
100 76 79
70 72 24
63 75 34
35 81 8
66 22 24
88 98 52
93 68 55
33 34 86
22 42 25
9 10 84
6 53 79
11 99 92
38 6 39
85 16 71
49 34 10
39 12 84
42 33 8
41 32 82
23 7 39
86 33 83
21 99 3
84 1 80
34 14 7
50 82 26
22 41 17
19 23 85
67 43 20
68 88 5
42 25 39
41 85 37
7 78 53
56 1 93
35 99 22
93 62 88
57 76 73
59 96 91
4 45 66
45 83 96
96 95 29
8 13 21
93 61 47
45 61 96
97 10 91
67 89 59
93 79 38
33 36 11
4 84 60
19 67 40
99 8 47
62 17 11
64 15 25
85 33 65
34 85 73
36 87 6
2 1 3
91 65 22
74 29 63
37 77 96
15 87 67
17 42 4
11 69 57
12 7 78
65 70 12
48 55 54
48 64 69
2 35 88
76 78 55
10 22 75
82 70 56
79 26 26
31 86 25
0 44 99
19 71 93
82 20 52
51 26 61
100 39 9
29 2 60
100 61 33
72 36 27
12 98 95
13 69 20
33 60 68
8 88 1
76 21 60
55 4 97
40 47 81
73 60 73
67 7 97
97 44 64
47 32 85
53 89 74
84 98 55
69 96 3
75 36 52
84 90 42
34 26 6
91 74 34
76 47 70
38 10 22
53 6 61
22 61 99
19 61 77
41 58 27
79 7 62
88 17 98
59 30 79
34 27 91
34 38 11
37 26 33
62 59 95
83 27 46
37 3 58
96 10 58
58 20 22
2 98 62
85 85 34
75 9 23
90 37 82
23 100 5
89 37 94
52 56 84
56 43 8
98 69 74
11 97 8
60 2 68
50 66 61
37 43 86
0 57 27
100 17 30
90 67 82
25 55 35
82 19 81
56 65 95
4 79 33
79 48 76
7 95 21
61 65 100
86 75 33
86 15 32
23 70 19
79 48 79
24 64 84
67 88 33
56 80 4
71 87 7
49 37 81
59 22 76
82 24 95
85 96 27
25 85 66
67 45 63
60 100 78
56 92 59
75 83 75
56 56 52
10 34 82
97 96 54
40 76 92
0 53 42
83 15 78
29 75 87
37 29 63
34 78 66
69 26 21
17 55 29
40 31 94
25 43 2
49 78 52
35 35 60
39 94 64
46 54 18
12 3 26
10 22 55
67 3 26
13 94 70
65 77 89
52 91 16
7 33 36
14 63 94
68 23 92
15 48 19
38 92 85
85 74 65
84 75 56
27 6 1
29 37 5
54 72 3
77 31 9
54 98 4
34 68 35
76 23 47
62 46 1
2 77 57
55 55 17
25 76 48
94 11 37
42 8 52
20 11 46
6 26 84
77 46 25
98 42 24
34 72 48
9 78 90
31 8 81
82 47 30
35 45 55
23 35 44
54 86 32
85 84 21
54 53 91
30 41 28
6 36 66
8 90 85
17 32 44
31 11 98
46 74 16
17 79 13
58 90 100
92 100 81
91 77 4
79 94 60
95 52 21
96 31 25
92 80 87
40 5 31
91 10 57
100 91 18
64 16 62
28 75 45
46 100 56
85 68 41
31 46 91
32 77 66
55 94 1
45 58 69
22 20 89
81 4 75
18 95 60
12 65 66
77 18 99
43 58 83
6 10 20
86 22 44
37 56 98
15 14 85
91 2 11
100 84 72
38 20 36
100 91 42
17 43 82
87 21 91
49 97 30
11 73 54
6 12 13
58 36 22
56 82 23
52 27 3
22 75 38
80 60 28
31 32 20
28 46 55
47 68 48
58 18 38
75 40 70
98 38 32
32 38 20
82 77 39
75 68 11
49 18 95
75 97 59
42 7 15
54 73 68
52 37 89
7 38 80
96 97 9
90 24 63
39 5 38
71 86 34
52 20 71
57 14 13
93 91 57
62 48 83
21 63 84
88 17 100
70 59 36
61 56 2
20 46 23
29 21 89
26 26 94
46 13 17
36 64 15
73 44 1
71 8 8
67 53 15
55 82 21
54 83 44
25 93 2
76 84 67
1 90 31
37 21 1
72 73 82
76 5 76
73 43 35
7 13 7
75 52 73
13 21 19
100 23 20
58 58 81
81 69 83
67 10 77
1 52 5
21 88 44
100 28 10
51 52 94
73 66 59
77 21 90
75 46 17
87 78 17
89 80 24
33 6 28
27 69 53
56 22 38
19 32 19
98 23 27
97 82 93
87 37 39
0 20 25
48 21 33
62 90 75
54 12 86
43 19 26
69 96 28
10 72 100
100 89 76
32 68 96
18 13 17
73 94 45
100 66 7
36 4 21
97 16 13
99 62 71
59 8 29
8 87 8
57 48 78
22 97 31
83 39 80
76 87 22
84 98 25
61 63 52
59 43 87
93 85 66
79 46 84
86 25 64
34 64 3
28 13 37
49 47 74
97 14 17
22 2 57
75 18 15
15 27 85
8 100 13
5 92 68
34 92 25
47 88 70
33 24 78
35 16 42
99 10 38
78 31 43
78 56 13
56 57 34
99 99 99
13 9 38
52 79 8
21 53 4
5 97 10
49 73 97
49 43 41
44 71 96
14 89 2
38 31 43
